school_district,school_name,K_enroll,MMR_pct_vac,MMR_pct_nodoses,MMR_pct_nonmedical,MMR_pct_medical,notes
BURNSVILLE,M.W. SAVAGE EL.,58,0.0000,0.9138,0.0862,0.0000,
DELANO,MT OLIVE LUTHERAN,5,0.0000,1.0000,0.0000,0.0000,
STILLWATER,ST CROIX MONTESSORI,9,0.0000,1.0000,0.0000,0.0000,
FERGUS FALLS,IQ ACADEMY,10,0.2000,0.8000,0.0000,0.0000,
ART AND SCIENCE ACADEMY,ART AND SCIENCE ACADEMY,45,0.3556,0.6000,0.0444,0.0000,
BEST ACADEMY,BEST ACADEMY EAST,45,0.3556,0.6444,0.0000,0.0000,
DULUTH,SPIRIT OF THE LAKE COMMUNITY SCHOOL,8,0.3750,0.3750,0.2500,0.0000,
ROSEVILLE,MINNESOTA WALDORF,16,0.3750,0.3125,0.3125,0.0000,
TRUMAN,TRUMAN PUBLIC SCHOOL,18,0.3889,0.6111,0.0000,0.0000,
FIT ACADEMY,FIT ACADEMY,33,0.3939,0.4848,0.1212,0.0000,
MASTERY SCHOOL,MASTERY SCHOOL,38,0.3947,0.6053,0.0000,0.0000,
BLUE EARTH AREA PUBLIC SCHOOL,GENESIS CLASSICAL ACADEMY,10,0.4000,0.5000,0.1000,0.0000,
MILACA,FAITH CHRISTIAN,5,0.4000,0.6000,0.0000,0.0000,
ROBBINSDALE,RIVERTREE SCHOOL,10,0.4000,0.0000,0.6000,0.0000,
UNIVERSAL ACADEMY CHARTER SCHOOL,UNIVERSAL ACADEMY CHARTER SCHOOL,47,0.4043,0.5957,0.0000,0.0000,
DULUTH,MANY RIVERS MONTESSORI,12,0.4167,0.3333,0.2500,0.0000,
HARVEST PREP SCHOOL/SEED ACADEMY,HARVEST PREP SCHOOL/SEED ACADEMY,47,0.4255,0.5745,0.0000,0.0000,
LACRESCENT MONTESSORI ACADEMY,LACRESCENT MONTESSORI ACADEMY,7,0.4286,0.4286,0.1429,0.0000,
PRIOR LAKE-SAVAGE AREA SCHOOLS,PRIOR LAKE CHRISTIAN ACADEMY,9,0.4444,0.4444,0.1111,0.0000,
CEDAR RIVERSIDE COMMUNITY SCHOOL,CEDAR RIVERSIDE COMMUNITY SCHOOL,20,0.4500,0.5500,0.0000,0.0000,
MINNEAPOLIS,CITY OF LAKES WALDORF,49,0.4694,0.1633,0.3673,0.0000,
HILL CITY,HILL CITY EL.,19,0.4737,0.5263,0.0000,0.0000,
NASHA SHKOLA,NASHA SHKOLA,23,0.4783,0.3913,0.1304,0.0000,
HIGHER GROUND ACADEMY,HIGHER GROUND ACADEMY,72,0.4861,0.5139,0.0000,0.0000,
HOPKINS,MINNETONKA CHRISTIAN ACADEMY,6,0.5000,0.3333,0.1667,0.0000,
MELROSE,ST JOHN - ST ANDREW,6,0.5000,0.1667,0.3333,0.0000,
SUCCESS ACADEMY,SUCCESS ACADEMY,12,0.5000,0.4167,0.0833,0.0000,
THIEF RIVER FALLS,ST JOHN LUTHERAN SCHOOL,6,0.5000,0.3333,0.1667,0.0000,
WORTHINGTON,WORTHINGTON 518 (VIRTUAL INSTRUCTION BY EXCELLENCE),60,0.5000,0.1167,0.3833,0.0000,
KINGSLAND,KINGSLAND EL.,47,0.5106,0.4681,0.0213,0.0000,
DUGSI ACADEMY,DUGSI ACADEMY,17,0.5294,0.4706,0.0000,0.0000,
ST. LOUIS PARK,HOLY FAMILY ACADEMY,15,0.5333,0.1333,0.3333,0.0000,
ANOKA-HENNEPIN,WAY OF THE SHEPHERD,13,0.5385,0.0769,0.3846,0.0000,
UPSALA,UPSALA AREA SCHOOLS,20,0.5500,0.4000,0.0500,0.0000,
WAYZATA,FOURTH BAPTIST,25,0.5600,0.0400,0.4000,0.0000,
ROSEMOUNT-APPLE VALLEY-EAGAN,FIRST BAPTIST,19,0.5789,0.0000,0.4211,0.0000,
TWIN CITIES INTERNATIONAL ELEM SCH,TWIN CITIES INTERNATIONAL ELEM SCH,112,0.5893,0.4107,0.0000,0.0000,
BEMIDJI,ST. MARK,5,0.6000,0.2000,0.2000,0.0000,
NEW PRAGUE AREA SCHOOLS,HOLY CROSS CATHOLIC SCHOOL,10,0.6000,0.2000,0.2000,0.0000,
NICOLLET,IMMANUEL LUTHERAN,5,0.6000,0.4000,0.0000,0.0000,
NICOLLET,TRINITY LUTHERAN,5,0.6000,0.2000,0.2000,0.0000,
HOUSTON,MINNESOTA VIRTUAL ACADEMY,38,0.6053,0.3947,0.0000,0.0000,
NEW CITY SCHOOL,NEW CITY SCHOOL - MAIN CAMPUS,36,0.6111,0.1944,0.1944,0.0000,
CAMPBELL-TINTAH,CAMPBELL-TINTAH PUBLIC SCHOOL,13,0.6154,0.3846,0.0000,0.0000,
ST. PAUL,CHEROKEE HEIGHTS,42,0.6190,0.3571,0.0238,0.0000,
MINNEAPOLIS,NELLIE STONE JOHNSON EL.,71,0.6197,0.3662,0.0141,0.0000,
BURNSVILLE,CYPRUS CLASSICAL MONTESSORI & ACADEMY,8,0.6250,0.0000,0.3750,0.0000,
HASTINGS,PINE HARBOR CHRISTIAN ACADEMY,8,0.6250,0.0000,0.3750,0.0000,
MAPLE LAKE,ST TIMOTHY,8,0.6250,0.2500,0.1250,0.0000,
PERHAM,ST PAULS LUTHERAN,16,0.6250,0.3125,0.0625,0.0000,
RIVERWAY LEARNING COMMUNITY CHTR,RIVERWAY LEARNING COMMUNITY CHTR,8,0.6250,0.3750,0.0000,0.0000,
TESFA INTERNATIONAL SCHOOL,TESFA INTERNATIONAL SCHOOL,32,0.6250,0.3750,0.0000,0.0000,
PRINSBURG,CENTRAL MINNESOTA CHRISTIAN,30,0.6333,0.2667,0.1000,0.0000,
BEMIDJI,HEARTLAND CHRISTIAN ACADEMY,11,0.6364,0.0909,0.2727,0.0000,
BLOOMINGTON,BLOOMINGTON LUTHERAN,11,0.6364,0.0000,0.3636,0.0000,
MINNESOTA STATE ACADEMIES,MN ACADEMY FOR THE DEAF,11,0.6364,0.1818,0.1818,0.0000,
NORTH SHORE COMMUNITY SCHOOL,NORTH SHORE COMMUNITY SCHOOL,50,0.6600,0.2800,0.0600,0.0000,
EAGLE RIDGE ACADEMY CHARTER SCHOOL,EAGLE RIDGE ACADEMY CHARTER SCHOOL,136,0.6618,0.3309,0.0074,0.0000,
CHASKA,CHAPEL HILL ACADEMY,21,0.6667,0.0000,0.3333,0.0000,
FAIRMONT AREA SCHOOLS,ST JAMES LUTHERAN,6,0.6667,0.3333,0.0000,0.0000,
MINNEOTA,ST EDWARD,6,0.6667,0.3333,0.0000,0.0000,
WATERTOWN-MAYER,CHRIST COMMUNITY,12,0.6667,0.1667,0.1667,0.0000,
WHITE BEAR LAKE,WHITE BEAR MONTESSORI SCHOOL,9,0.6667,0.2222,0.1111,0.0000,
STONEBRIDGE COMMUNITY SCHOOL,STONEBRIDGE  WORLD SCHOOL,34,0.6765,0.2941,0.0294,0.0000,
PINE RIVER-BACKUS,PINE RIVER-BACKUS ELEMENTARY  K-6,65,0.6769,0.2462,0.0769,0.0000,
MINNESOTA TRANSITIONS CHARTER SCH,MINNESOTA CONNECTIONS ACADEMY,53,0.6792,0.0377,0.2830,0.0000,
GRANADA HUNTLEY-EAST CHAIN,GRANADA-HUNTLEY EAST CHAIN,25,0.6800,0.1600,0.1600,0.0000,
LITTLEFORK-BIG FALLS,LITTLEFORK-BIG FALLS EL.,26,0.6923,0.2692,0.0385,0.0000,
ROSEVILLE,NORTH HEIGHTS CHRISTIAN ACADEMY,26,0.6923,0.1923,0.1154,0.0000,
CHISAGO LAKES,CHISAGO LAKES BAPTIST,10,0.7000,0.2000,0.1000,0.0000,
PACT CHARTER SCHOOL,PACT CHARTER SCHOOL,40,0.7000,0.0000,0.3000,0.0000,
ROSEVILLE,HAND IN HAND CHRISTIAN MONTESSORI,30,0.7000,0.0333,0.2667,0.0000,
WAYZATA,REDEEMER CHRISTIAN ACADEMY,10,0.7000,0.0000,0.3000,0.0000,
MINNEAPOLIS,HMONG INTERNATIONAL ACADEMY,57,0.7018,0.2982,0.0000,0.0000,
BRIGHT WATER MONTESSORI SCHOOL,BRIGHT WATER ELEMENTARY,24,0.7083,0.2917,0.0000,0.0000,
CORNERSTONE MONTESSORI EL.,CORNERSTONE MONTESSORI EL.,24,0.7083,0.2917,0.0000,0.0000,
MINNEAPOLIS,CITYVIEW COMMUNITY EL.,62,0.7097,0.2903,0.0000,0.0000,
ACHIEVE LANGUAGE ACADEMY,ACHIEVE LANGUAGE ACADEMY,45,0.7111,0.2889,0.0000,0.0000,
BDOTE LEARNING CENTER,BDOTE LEARNING CENTER,14,0.7143,0.2857,0.0000,0.0000,
DULUTH,MONTESSORI SCH OF DULUTH,14,0.7143,0.2857,0.0000,0.0000,
GLACIAL HILLS ELEMENTARY,GLACIAL HILLS ELEMENTARY,14,0.7143,0.2857,0.0000,0.0000,
ROSEMOUNT-APPLE VALLEY-EAGAN,HERITAGE LUTHERAN SCHOOL,7,0.7143,0.1429,0.1429,0.0000,
ST. CLOUD,ST CLOUD CHRISTIAN,14,0.7143,0.0000,0.2857,0.0000,
ROCHESTER MATH AND SCIENCE ACADEMY,ROCHESTER MATH AND SCIENCE ACADEMY,32,0.7188,0.2813,0.0000,0.0000,
BIRD ISLAND-OLIVIA-LAKE LILLIAN,ST MARY,18,0.7222,0.0000,0.2778,0.0000,
KALEIDOSCOPE CHARTER SCHOOL,KALEIDOSCOPE CHARTER SECONDARY,69,0.7246,0.0435,0.2319,0.0000,
CLIMAX,CLIMAX ELEMENTARY,11,0.7273,0.2727,0.0000,0.0000,
NEW DISCOVERIES,NEW DISCOVERIES MONTESSORI ELEMENTARY,22,0.7273,0.2273,0.0455,0.0000,
NORTHLAND COMMUNITY SCHOOLS,REMER EL.,33,0.7273,0.2424,0.0303,0.0000,
ROSEMOUNT-APPLE VALLEY-EAGAN,GOOD SHEPHERD LUTHERAN,11,0.7273,0.0000,0.1818,0.0909,
ST. FRANCIS,CROWN CHRISTIAN SCHOOL,11,0.7273,0.0000,0.2727,0.0000,
SWAN RIVER MONTESSORI CHARTER SCH,SWAN RIVER MONTESSORI CHARTER SCH,26,0.7308,0.0385,0.2308,0.0000,
CROMWELL-WRIGHT,CROMWELL-WRIGHT EL.,15,0.7333,0.2667,0.0000,0.0000,
SOUTH ST. PAUL,HOLY TRINITY,15,0.7333,0.2667,0.0000,0.0000,
MENAHGA,MENAHGA ELEMENTARY SCHOOL,79,0.7342,0.0000,0.2658,0.0000,
MINNEAPOLIS,PRATT,49,0.7347,0.1837,0.0816,0.0000,
PIPESTONE AREA SCHOOLS,BROWN EL.,98,0.7347,0.2449,0.0204,0.0000,
LEVEL UP ACADEMY,LEVEL UP ACADEMY,19,0.7368,0.0000,0.2632,0.0000,
ASPEN ACADEMY,ASPEN ACADEMY,88,0.7386,0.0114,0.2500,0.0000,
OSSEO,MARANATHA CHRISTIAN ACADEMY-BROOKLY,39,0.7436,0.0000,0.2564,0.0000,
ANOKA-HENNEPIN,NORTHSIDE CHRISTIAN BLAINE CAMPUS,12,0.7500,0.0833,0.1667,0.0000,
BRECKENRIDGE,ST MARY,8,0.7500,0.2500,0.0000,0.0000,
GREENBUSH-MIDDLE RIVER,GREENBUSH EL.,12,0.7500,0.1667,0.0833,0.0000,
HUTCHINSON,NORTHWOODS ELEMENTARY,8,0.7500,0.2500,0.0000,0.0000,
JORDAN,ST JOHN THE BAPTIST,12,0.7500,0.0000,0.2500,0.0000,
LAKEVILLE,CHRISTIAN HERITAGE ACADEMY,20,0.7500,0.0000,0.2500,0.0000,
LEWISTON-ALTURA,ST JOHN,12,0.7500,0.1667,0.0833,0.0000,
MILACA,COMMUNITY CHRISTIAN SCHOOL,8,0.7500,0.0000,0.2500,0.0000,
MINNEAPOLIS,MINNEHAHA ACADEMY LOWER,32,0.7500,0.2188,0.0313,0.0000,
MINNETONKA,ST THERESE,12,0.7500,0.1667,0.0833,0.0000,
NORTH METRO FLEX ACADEMY,NORTH METERO FLEX ACADEMY,36,0.7500,0.2500,0.0000,0.0000,
ST. PAUL,HIGHWOOD HILLS,44,0.7500,0.2045,0.0455,0.0000,
MINNEAPOLIS,SULLIVAN,59,0.7627,0.2203,0.0169,0.0000,
BLOOMINGTON,RAMALYNN MONTESSORI ACADEMY,17,0.7647,0.2353,0.0000,0.0000,
CLINTON-GRACEVILLE-BEARDSLEY,CLINTON-GRACEVILLE-BEARDSLEY EL.,17,0.7647,0.2353,0.0000,0.0000,
CLEARBROOK-GONVICK,CLEARBROOK-GONVICK SCHOOL,30,0.7667,0.2333,0.0000,0.0000,
LAPORTE,LAPORTE EL.,30,0.7667,0.1667,0.0667,0.0000,
MN MATH AND SCIENCE ACADEMY,MINNESOTA MATH AND SCIENCE ACADEMY,52,0.7692,0.2308,0.0000,0.0000,
RUSHFORD-PETERSON,RUSHFORD-PETERSON EL.,39,0.7692,0.2308,0.0000,0.0000,
SHAKOPEE,LIVING HOPE LUTHERAN SCHOOL,13,0.7692,0.0000,0.2308,0.0000,
ST. PAUL,MAXFIELD,35,0.7714,0.2286,0.0000,0.0000,
RED LAKE,PONEMAH EL.,22,0.7727,0.2273,0.0000,0.0000,
CAMBRIDGE-ISANTI,CAMBRIDGE CHRISTIAN SCHOOL,9,0.7778,0.2222,0.0000,0.0000,
DISCOVERY WOODS MONTESSORI SCHOOL,DISCOVERY WOODS MONTESSORI SCHOOL,18,0.7778,0.1111,0.1111,0.0000,
GREEN ISLE COMMUNITY SCHOOL,GREEN ISLE COMMUNITY SCHOOL,9,0.7778,0.2222,0.0000,0.0000,
PERHAM,ST HENRY,18,0.7778,0.2222,0.0000,0.0000,
STRIDE ACADEMY CHARTER SCHOOL,STRIDE ACADEMY CHARTER SCHOOL,36,0.7778,0.1944,0.0278,0.0000,
WINONA AREA PUBLIC SCHOOLS,ST MARTINS LUTHERAN,9,0.7778,0.2222,0.0000,0.0000,
WINONA AREA PUBLIC SCHOOLS,ST MATTHEWS LUTHERAN,9,0.7778,0.1111,0.1111,0.0000,
ST. CLOUD,ST ELIZABETH ANN SETON SCHOOL,14,0.7857,0.0714,0.1429,0.0000,
WAYZATA,ST BARTHOLOMEW,14,0.7857,0.0000,0.2143,0.0000,
GOODRIDGE,GOODRIDGE EL.,19,0.7895,0.2105,0.0000,0.0000,
NORTHEAST COLLEGE PREP,NORTHEAST COLLEGE PREP,43,0.7907,0.2093,0.0000,0.0000,
PRODEO ACADEMY,PRODEO ACADEMY  PK-8,87,0.7931,0.2069,0.0000,0.0000,
DISCOVERY CHARTER ELEMENTARY SCHOOL,DISCOVERY CHARTER ELEMENTARY SCHOOL,34,0.7941,0.2059,0.0000,0.0000,
MINNESOTA EARLY LEARNING ACADEMY,MINNESOTA EARLY LEARNING ACADEMY,39,0.7949,0.2051,0.0000,0.0000,
ST. PAUL,FOUR SEASONS,83,0.7952,0.1807,0.0241,0.0000,
ALEXANDRIA,NEW TESTAMENT CHRISTIAN,5,0.8000,0.0000,0.2000,0.0000,
BLOOMINGTON,LIFE ACADEMY,5,0.8000,0.2000,0.0000,0.0000,
CROSSLAKE COMMUNITY CHARTER SCHOOL,CROSSLAKE COMMUNITY CHARTER SCHOOL,15,0.8000,0.0667,0.1333,0.0000,
DETROIT LAKES,FAITH CHRISTIAN SCHOOL,5,0.8000,0.2000,0.0000,0.0000,
FERGUS FALLS,MORNING SON CHRISTIAN,10,0.8000,0.0000,0.2000,0.0000,
GREAT EXPECTATIONS,GREAT EXPECTATIONS,15,0.8000,0.1333,0.0667,0.0000,
LOVEWORKS ACADEMY FOR ARTS,LOVEWORKS ACADEMY FOR ARTS,40,0.8000,0.2000,0.0000,0.0000,
MINNESOTA NEW COUNTRY SCHOOL,MINNESOTA NEW COUNTRY SCHOOL,15,0.8000,0.1333,0.0667,0.0000,
NEW HEIGHTS SCHOOL INC.,NEW HEIGHTS SCHOOL INC.,5,0.8000,0.2000,0.0000,0.0000,
PRAIRIE CREEK COMMUNITY SCHOOL,PRAIRIE CREEK COMMUNITY SCHOOL,30,0.8000,0.0333,0.1667,0.0000,
SOUTH WASHINGTON COUNTY,HOPE CHRISTIAN ACADEMY,5,0.8000,0.2000,0.0000,0.0000,
ST. PAUL,CENTRAL LUTHERAN,15,0.8000,0.2000,0.0000,0.0000,
ST. PAUL,FRIENDS SCHOOL OF MINNESOTA,15,0.8000,0.1333,0.0667,0.0000,
WORTHINGTON,WORTHINGTON CHRISTIAN,10,0.8000,0.0000,0.2000,0.0000,
NORWOOD,CENTRAL EL.,66,0.8030,0.1818,0.0152,0.0000,
MINNEAPOLIS,ANISHINABE ACADEMY,41,0.8049,0.1951,0.0000,0.0000,
ST. PAUL,NOKOMIS NORTH,82,0.8049,0.1829,0.0122,0.0000,
MINNEAPOLIS,DOWLING URBAN ENVIRONMENTAL LEARNING CENTER,77,0.8052,0.1818,0.0130,0.0000,
ANOKA-HENNEPIN,LEGACY CHRISTIAN SCHOOL,36,0.8056,0.0278,0.1667,0.0000,
NEW MILLENNIUM ACADEMY CHARTER SCH,NEW MILLENNIUM ACADEMY CHARTER SCH,98,0.8061,0.1939,0.0000,0.0000,
G.F.W.,G.F.W. EL.,52,0.8077,0.1731,0.0192,0.0000,
GRAND RAPIDS,BIGFORK EL.,26,0.8077,0.0000,0.1923,0.0000,
ST. PAUL,HAZEL PARK PREPARATORY ACADEMY,47,0.8085,0.1702,0.0213,0.0000,
H.O.P.E. ACADEMY,H.O.P.E. ACADEMY,53,0.8113,0.1887,0.0000,0.0000,
BADGER,BADGER EL.,16,0.8125,0.0625,0.1250,0.0000,
KELLIHER,KELLIHER EL.,16,0.8125,0.1875,0.0000,0.0000,
LAKE BENTON,LAKE BENTON EL.,16,0.8125,0.1250,0.0625,0.0000,
MELROSE,SACRED HEART,16,0.8125,0.0625,0.1250,0.0000,
ST. FRANCIS,TRINITY LUTHERAN SCHOOL,16,0.8125,0.1875,0.0000,0.0000,
WATERTOWN-MAYER,ZION LUTHERAN-MAYER,16,0.8125,0.1875,0.0000,0.0000,
HENNEPIN ELEMENTARY SCHOOL,HENNEPIN ELEMENTARY SCHOOL,70,0.8143,0.1429,0.0429,0.0000,
OSSEO,HERITAGE CHRISTIAN ACADEMY,27,0.8148,0.0000,0.1852,0.0000,
DILWORTH-GLYNDON-FELTON,GLYNDON-FELTON ELEMENTARY,49,0.8163,0.1837,0.0000,0.0000,
HERON LAKE-OKABENA,HERON LAKE-OKABENA EL.,11,0.8182,0.1818,0.0000,0.0000,
PEM,IMMANUEL LUTHERAN SCHOOL,11,0.8182,0.1818,0.0000,0.0000,
PINE POINT,PINE POINT ELEMENTARY,11,0.8182,0.1818,0.0000,0.0000,
WACONIA,TRINITY LUTHERAN,22,0.8182,0.0000,0.1818,0.0000,
BLOOMINGTON,NORMANDALE HILLS EL.,72,0.8194,0.0278,0.1528,0.0000,
PARNASSUS PREPARATORY SCHOOL,PARNASSUS PREPARATORY SCHOOL,128,0.8203,0.1250,0.0547,0.0000,
BROOKLYN CENTER,EARLE BROWN EL.,174,0.8218,0.1782,0.0000,0.0000,
ST. PAUL,JACKSON,73,0.8219,0.1781,0.0000,0.0000,
WEST ST. PAUL-MENDOTA HTS.-EAGAN,PILOT KNOB STEM MAGNET SCHOOL,90,0.8222,0.1778,0.0000,0.0000,
DULUTH,ST JAMES SCHOOL,17,0.8235,0.1176,0.0588,0.0000,
RIDGEWAY COMMUNITY SCHOOL,RIDGEWAY COMMUNITY SCHOOL,17,0.8235,0.0000,0.1765,0.0000,
SPRING LAKE PARK,CALVIN CHRISTIAN   GRADES K-8,17,0.8235,0.0000,0.1765,0.0000,
MINNEAPOLIS,BETHUNE EL.,57,0.8246,0.1754,0.0000,0.0000,
BUFFALO LAKE-HECTOR,BUFFALO LAKE-HECTOR EL.,40,0.8250,0.0000,0.1750,0.0000,
MOORHEAD,ROBERT ASP EL.,126,0.8254,0.1587,0.0159,0.0000,
MARINE AREA COMMUNITY SCHOOL,MARINE AREA COMMUNITY SCHOOL,23,0.8261,0.1304,0.0435,0.0000,
FRIDLEY,AL-AMAL SCHOOL,35,0.8286,0.0286,0.1429,0.0000,
ST. PAUL,AMERICAN INDIAN,70,0.8286,0.1714,0.0000,0.0000,
COLOGNE ACADEMY,COLOGNE ACADEMY,65,0.8308,0.1385,0.0308,0.0000,
BRAINERD,GARFIELD EL.,54,0.8333,0.1111,0.0556,0.0000,
MINNESOTA TRANSITIONS CHARTER SCH,MTS ELEMENTARY SCHOOL K-6,6,0.8333,0.1667,0.0000,0.0000,
MOUNDS VIEW,ST JOHN THE BAPTIST,30,0.8333,0.0667,0.1000,0.0000,
ONAMIA,ONAMIA EL.,24,0.8333,0.1667,0.0000,0.0000,
SIBLEY EAST,IMMANUEL LUTHERAN,6,0.8333,0.1667,0.0000,0.0000,
SOUTH KOOCHICHING,NORTHOME EL.,12,0.8333,0.0000,0.1667,0.0000,
ST. CLOUD,DISCOVERY COMMUNITY EL.,84,0.8333,0.1667,0.0000,0.0000,
ST. PAUL,BRIDGE VIEW,6,0.8333,0.0000,0.1667,0.0000,
ST. PAUL,NOKOMIS SOUTH,48,0.8333,0.1667,0.0000,0.0000,
ST. PAUL,ST. MARK,6,0.8333,0.1667,0.0000,0.0000,
STILLWATER,SALEM LUTHERAN,12,0.8333,0.0000,0.1667,0.0000,
ST. PAUL,COMO PARK EL.,91,0.8352,0.1648,0.0000,0.0000,
COMMUNITY SCHOOL OF EXCELLENCE,COMMUNITY SCHOOL OF EXCELLENCE,140,0.8357,0.1643,0.0000,0.0000,
AGAMIN CLASSICAL ACADEMY,AGAMIM CLASSICAL ACADEMY,61,0.8361,0.1148,0.0492,0.0000,
MINNEAPOLIS,JENNY LIND EL.,68,0.8382,0.1618,0.0000,0.0000,
MINNETONKA,EXCELSIOR EL.,124,0.8387,0.0806,0.0806,0.0000,
KIPP MINNESOTA CHARTER SCHOOL,KIPP MINNESOTA CHARTER SCHOOL,56,0.8393,0.0714,0.0893,0.0000,
MINNEAPOLIS,MARCY OPEN EL.,76,0.8421,0.1579,0.0000,0.0000,
ST. PAUL,GROVELAND,76,0.8421,0.1447,0.0132,0.0000,
WEST ST. PAUL-MENDOTA HTS.-EAGAN,COMMUNITY OF SAINTS,19,0.8421,0.0000,0.1579,0.0000,
HASTINGS,ST ELIZABETH ANN SETON,32,0.8438,0.0000,0.1563,0.0000,
BIRD ISLAND-OLIVIA-LAKE LILLIAN,BOLD-BIRD ISLAND EL.,58,0.8448,0.0000,0.1552,0.0000,
EXCELL ACADEMY CHARTER,EXCELL ACADEMY CHARTER,58,0.8448,0.1379,0.0172,0.0000,
MINNEAPOLIS,SHERIDAN EL.,58,0.8448,0.1034,0.0517,0.0000,
ALBERT LEA,HOLLANDALE CHRISTIAN,13,0.8462,0.0000,0.1538,0.0000,
FARMINGTON,CHRISTIAN LIFE ACADEMY,13,0.8462,0.1538,0.0000,0.0000,
MICHAEL FROME ACADEMY,NATURAL SCIENCE ACADEMY,13,0.8462,0.1538,0.0000,0.0000,
OSSEO,ST ALPHONSUS,13,0.8462,0.1538,0.0000,0.0000,
ST. PAUL,CROSSROADS MONTESSORI,65,0.8462,0.1538,0.0000,0.0000,
ATHLOS ACADEMY,ATHLOS ACADEMY OF ST CLOUD,85,0.8471,0.1294,0.0235,0.0000,
OSSEO,PALMER LAKE EL.,79,0.8481,0.0886,0.0633,0.0000,
MINNEAPOLIS,ANDERSEN UNITED COMMUNITY SCHOOL,93,0.8495,0.1505,0.0000,0.0000,
ST. CLOUD,OAK HILL COMMUNITY EL.,113,0.8496,0.1327,0.0177,0.0000,
CANNON RIVER STEM SCHOOL,CANNON RIVER STEM SCHOOL,40,0.8500,0.1250,0.0250,0.0000,
ST. PAUL,ST. AGNES EL,40,0.8500,0.0250,0.1250,0.0000,
WAYZATA,PROVIDENCE ACADEMY,40,0.8500,0.0250,0.1250,0.0000,
PRIOR LAKE-SAVAGE AREA SCHOOLS,GRAINWOOD EL.,75,0.8533,0.0267,0.1200,0.0000,
MILACA,MILACA EL.,124,0.8548,0.1048,0.0323,0.0081,
ST. PAUL,FARNSWORTH LOWER,97,0.8557,0.1443,0.0000,0.0000,
CALEDONIA,ST JOHNS EV LUTHERAN,7,0.8571,0.1429,0.0000,0.0000,
DULUTH,LAKEWOOD EL.,35,0.8571,0.1429,0.0000,0.0000,
FRIDLEY,WOODCREST BAPTIST ACADEMY,7,0.8571,0.0000,0.1429,0.0000,
LAKEVILLE,SOUTHVIEW CHRISTIAN,7,0.8571,0.0000,0.1429,0.0000,
N.E. METRO INTERMEDIATE DIST. 916,KARNER BLUE ELEMENTARY,7,0.8571,0.1429,0.0000,0.0000,
NORTH ST PAUL-MAPLEWOOD,MOUNDS PARK ACADEMY,14,0.8571,0.1429,0.0000,0.0000,
OSAKIS,ST AGNES SCHOOL,7,0.8571,0.0000,0.1429,0.0000,
ST. LOUIS COUNTY,BABBITT EL.,14,0.8571,0.0000,0.1429,0.0000,
DASSEL-COKATO,COKATO EL.,92,0.8587,0.0109,0.1304,0.0000,
ST. PAUL,HOLY SPIRIT,22,0.8636,0.0000,0.1364,0.0000,
ST. PAUL,HIGHLAND PARK EL.,59,0.8644,0.1186,0.0169,0.0000,
WAUBUN,WAUBUN/OGEMA  SCHOOL,59,0.8644,0.1356,0.0000,0.0000,
ALBERT LEA,LAKEVIEW EL.,52,0.8654,0.1154,0.0192,0.0000,
NOVA CLASSICAL ACADEMY,NOVA CLASSICAL ACADEMY - LOWER SCHOOL,82,0.8659,0.1098,0.0244,0.0000,
ANOKA-HENNEPIN,JEFFERSON EL.,120,0.8667,0.1083,0.0250,0.0000,
CALEDONIA,ST MARYS ELEMENTARY,15,0.8667,0.0667,0.0667,0.0000,
HIBBING,VICTORY CHRISTIAN ACADEMY,15,0.8667,0.0000,0.1333,0.0000,
LANCASTER,LANCASTER EL.,15,0.8667,0.1333,0.0000,0.0000,
MINNEAPOLIS,LAKE NOKOMIS COMMUNITY SCHOOL - WENONAH CAMPUS,105,0.8667,0.1238,0.0095,0.0000,
ST. PAUL,HEIGHTS,75,0.8667,0.1333,0.0000,0.0000,
PERHAM,HEART OF THE LAKE EL.,106,0.8679,0.1132,0.0189,0.0000,
CLEVELAND PUBLIC SCHOOL,CLEVELAND PUBLIC SCHOOL,38,0.8684,0.0263,0.1053,0.0000,
BRANDON – EVANSVILLE,BRANDON-EVANSVILLE ELEM K-3,46,0.8696,0.0652,0.0652,0.0000,
MINNEAPOLIS,BRYN MAWR EL.,54,0.8704,0.1296,0.0000,0.0000,
YINGHAU,YINGHUA ACADEMY,85,0.8706,0.0235,0.1059,0.0000,
OWATONNA,ST MARYS - MARIAN,31,0.8710,0.0968,0.0323,0.0000,
BELGRADE-BROOTEN-ELROSA,BELGRADE-BROOTEN-ELROSA EL.,39,0.8718,0.1026,0.0256,0.0000,
GRAND MEADOW,GRAND MEADOW ELEMENTARY,39,0.8718,0.1026,0.0256,0.0000,
MINNEAPOLIS,BARTON OPEN EL.,78,0.8718,0.1154,0.0128,0.0000,
"PARTNERSHIP ACADEMY, INC","PARTNERSHIP ACADEMY, INC",39,0.8718,0.1282,0.0000,0.0000,
DILWORTH-GLYNDON-FELTON,DILWORTH EL.,102,0.8725,0.1275,0.0000,0.0000,
ROSEVILLE,CENTRAL PARK EL.,71,0.8732,0.1268,0.0000,0.0000,
BELLE PLAINE,TRINITY LUTHERAN,8,0.8750,0.0000,0.1250,0.0000,
DELANO,ST MAXIMILIAN KOLBE,8,0.8750,0.1250,0.0000,0.0000,
EDGERTON,EDGERTON EL.,40,0.8750,0.1000,0.0250,0.0000,
ELK RIVER,ST JOHNS LUTHERAN,8,0.8750,0.1250,0.0000,0.0000,
FERGUS FALLS,OUR LADY OF VICTORY,16,0.8750,0.0000,0.1250,0.0000,
GLENCOE-SILVER LAKE,FIRST EV LUTHERAN,16,0.8750,0.0000,0.1250,0.0000,
KERKHOVEN-MURDOCK-SUNBURG,MURDOCK EL.,56,0.8750,0.0714,0.0536,0.0000,
LAFAYETTE PUBLIC CHARTER,LAFAYETTE PUBLIC CHARTER SCHOOL,16,0.8750,0.1250,0.0000,0.0000,
MARSHALL,HOLY REDEEMER,24,0.8750,0.1250,0.0000,0.0000,
MARTIN COUNTY WEST,TRIMONT EL.,16,0.8750,0.0000,0.1250,0.0000,
MINNEAPOLIS,ARMATAGE EL.,104,0.8750,0.0769,0.0481,0.0000,
MOUNTAIN LAKE,MOUNTAIN LAKE CHRISTIAN,8,0.8750,0.0000,0.1250,0.0000,
NICOLLET,NICOLLET EL.,24,0.8750,0.1250,0.0000,0.0000,
SOUTHLAND,SACRED HEART,16,0.8750,0.0000,0.1250,0.0000,
ST. CLOUD,MONTESSORI SCHOOL OF ST CLOUD I,8,0.8750,0.0000,0.1250,0.0000,
ST. CLOUD MATH & SCIENCE ACADEMY,ST. CLOUD MATH & SCIENCE ACADEMY,40,0.8750,0.1250,0.0000,0.0000,
ST. PAUL,MATERNITY OF MARY/ST ANDREW,24,0.8750,0.0833,0.0417,0.0000,
TRI-CITY UNITED SCHOOL DISTRICT,HOLY REDEEMER,8,0.8750,0.1250,0.0000,0.0000,
MINNETONKA,MINNEWASHTA EL.,161,0.8758,0.0000,0.1118,0.0124,
ELY,WASHINGTON EL.,49,0.8776,0.1020,0.0000,0.0204,
ADA-BORUP,ADA EL.,41,0.8780,0.1220,0.0000,0.0000,
BURNSVILLE,GIDEON POND EL.,91,0.8791,0.0330,0.0879,0.0000,
ST. PAUL,MISSISSIPPI,91,0.8791,0.0989,0.0220,0.0000,
DULUTH PUBLIC SCHOOLS ACADEMY,RALEIGH EDISON CHARTER SCHOOL,50,0.8800,0.0800,0.0400,0.0000,
"INTERNATIONAL SPANISH LANGUAGE ACADEMY
",INTERNATIONAL SPANISH LANGUAGE ACADEMY,50,0.8800,0.0200,0.0800,0.0200,
BUFFALO,DISCOVERY EL.,42,0.8810,0.0000,0.0714,0.0476,
NEVIS,NEVIS ELEMENTARY,42,0.8810,0.0000,0.1190,0.0000,
HOPKINS,EISENHOWER EL.,59,0.8814,0.0339,0.0678,0.0169,
ST. PAUL,CHELSEA HEIGHTS,76,0.8816,0.0658,0.0526,0.0000,
EDINA,CALVIN CHRISTIAN - EDINA,17,0.8824,0.0588,0.0588,0.0000,
NORTH ST PAUL-MAPLEWOOD,CHRIST LUTHERAN,17,0.8824,0.1176,0.0000,0.0000,
PIERZ,HOLY TRINITY,17,0.8824,0.0588,0.0588,0.0000,
WRENSHALL,WRENSHALL EL.,34,0.8824,0.0294,0.0882,0.0000,
CHISHOLM,VAUGHAN EL.,43,0.8837,0.0930,0.0233,0.0000,
MOORHEAD,ELLEN HOPKINS ELEMENTARY,155,0.8839,0.0903,0.0258,0.0000,
GRAND RAPIDS,FOREST LAKE EL.,69,0.8841,0.0000,0.1159,0.0000,
AITKIN,RIPPLESIDE EL.,95,0.8842,0.0842,0.0316,0.0000,
ST. LOUIS PARK,TORAH ACADEMY,26,0.8846,0.0000,0.1154,0.0000,
ULEN-HITTERDAL,ULEN-HITTERDAL EL.,26,0.8846,0.1154,0.0000,0.0000,
MINNEAPOLIS,LUCY CRAFT LANEY,70,0.8857,0.1143,0.0000,0.0000,
LITCHFIELD,LAKE RIPLEY EL.,123,0.8862,0.0569,0.0569,0.0000,
BRAINERD,NISSWA EL.,44,0.8864,0.0227,0.0909,0.0000,
ALBERT LEA,ST THEODORES EL,9,0.8889,0.1111,0.0000,0.0000,
ANOKA-HENNEPIN,DAYTON EL.,72,0.8889,0.1111,0.0000,0.0000,
EDINA,GOLDEN YEARS MONTESSORI,27,0.8889,0.1111,0.0000,0.0000,
ELK RIVER,MARY QUEEN OF PEACE CATHOLIC SCHOOL,9,0.8889,0.0000,0.1111,0.0000,
FOREST LAKE,MONTESSORI PROGRAM,18,0.8889,0.0000,0.1111,0.0000,
GRYGLA,GRYGLA EL.,9,0.8889,0.0000,0.1111,0.0000,
HOWARD LAKE-WAVERLY-WINSTED,ST JAMES LUTHERAN,9,0.8889,0.1111,0.0000,0.0000,
MINNEAPOLIS,PILLSBURY EL.,63,0.8889,0.0476,0.0635,0.0000,
NEW PRAGUE AREA SCHOOLS,ST WENCESLAUS,18,0.8889,0.0000,0.1111,0.0000,
ROCHESTER,ROCHESTER CENTRAL LUTHERAN,27,0.8889,0.1111,0.0000,0.0000,
ROCORI,ST BONIFACE,27,0.8889,0.0000,0.1111,0.0000,
ST. CLOUD,ALL SAINTS ACADEMY - ST. JOSEPH,18,0.8889,0.1111,0.0000,0.0000,
ST. CLOUD,TALAHI COMMUNITY EL.,90,0.8889,0.1111,0.0000,0.0000,
ST. LOUIS PARK,MINNEAPOLIS JEWISH DAY SCHOOL,18,0.8889,0.0000,0.1111,0.0000,
ST. PAUL,JEAN LYLE CHILDRENS CENTER,9,0.8889,0.0000,0.1111,0.0000,
ANOKA-HENNEPIN,MONROE EL.,82,0.8902,0.0854,0.0244,0.0000,
HIAWATHA LEADERSHIP ACADEMY,HIAWATHA LEADERSHIP ACADEMY-MORRIS PARK,55,0.8909,0.1091,0.0000,0.0000,
ST. PAUL,CROSSROADS SCIENCE,46,0.8913,0.0870,0.0217,0.0000,
MINNEAPOLIS,HALL EL.,37,0.8919,0.1081,0.0000,0.0000,
MINNEAPOLIS,LORING EL.,74,0.8919,0.0811,0.0270,0.0000,
FOREST LAKE,SCANDIA EL.,56,0.8929,0.0000,0.0893,0.0179,
ATHLOS LEADERSHIP ACADEMY,ATHLOS LEADERSHIP ACADEMY,103,0.8932,0.0971,0.0097,0.0000,
RANDOLPH,RANDOLPH EL.,47,0.8936,0.0000,0.1064,0.0000,
ST. PAUL,JOHN A. JOHNSON,66,0.8939,0.1061,0.0000,0.0000,
NORTH ST PAUL-MAPLEWOOD,ST PETER,19,0.8947,0.0000,0.1053,0.0000,
SWANVILLE,SWANVILLE EL.,19,0.8947,0.0000,0.1053,0.0000,
WILLMAR,COMMUNITY CHRISTIAN,19,0.8947,0.1053,0.0000,0.0000,
FAIRMONT AREA SCHOOLS,FAIRMONT ELEMENTARY,105,0.8952,0.0857,0.0190,0.0000,
BRECKENRIDGE,BRECKENRIDGE EL.,48,0.8958,0.1042,0.0000,0.0000,
A.C.G.C.,A.C.G.C. EL.,58,0.8966,0.0517,0.0517,0.0000,
PINE CITY,PINE CITY ELEM2,107,0.8972,0.0374,0.0561,0.0093,
MINNEAPOLIS,CARONDELET CATHOLIC,39,0.8974,0.0256,0.0769,0.0000,
ROSEVILLE,E.D. WILLIAMS EL.,78,0.8974,0.0769,0.0256,0.0000,
ST. CLOUD,WESTWOOD EL.,78,0.8974,0.0769,0.0256,0.0000,
URBAN ACADEMY CHARTER SCHOOL,URBAN ACADEMY CHARTER SCHOOL,39,0.8974,0.1026,0.0000,0.0000,
SHAKOPEE,EAGLE CREEK,127,0.8976,0.0551,0.0472,0.0000,
WINONA AREA PUBLIC SCHOOLS,WINONA AREA CATHOLIC,49,0.8980,0.0816,0.0000,0.0204,
BEMIDJI,PAUL BUNYAN ELEMENTARY,226,0.8982,0.0619,0.0398,0.0000,
BUFFALO,PARKSIDE EL.,59,0.8983,0.0169,0.0847,0.0000,
MINNEAPOLIS,NORTHROP EL.,79,0.8987,0.0886,0.0127,0.0000,
ROCHESTER,CHURCHILL EL.,79,0.8987,0.0000,0.1013,0.0000,
ROSEVILLE,LITTLE CANADA EL.,79,0.8987,0.1013,0.0000,0.0000,
ALBERT LEA,SIBLEY EL.,70,0.9000,0.0857,0.0143,0.0000,
HENNING,HENNING SCHOOL,30,0.9000,0.0667,0.0333,0.0000,
HOPKINS,GATEWOOD EL.,70,0.9000,0.0429,0.0571,0.0000,
MANKATO,BRIDGES ELEMENTARY,40,0.9000,0.0000,0.1000,0.0000,
NORMAN COUNTY WEST,NORMAN CTY. W. EL.,10,0.9000,0.1000,0.0000,0.0000,
ROBBINSDALE,NOBLE EL.,50,0.9000,0.0200,0.0800,0.0000,
ROCORI,ROCKVILLE EL.,20,0.9000,0.1000,0.0000,0.0000,
SCHOOLCRAFT LEARNING COMMUNITY,SCHOOLCRAFT LEARNING COMMUNITY,20,0.9000,0.0500,0.0500,0.0000,
SEVEN HILLS CLASSICAL ACADEMY,SEVEN HILLS PREPATORY ACADEMY - LOWER,100,0.9000,0.0200,0.0800,0.0000,
SOJOURNER TRUTH ACADEMY,SOJOURNER TRUTH ACADEMY,30,0.9000,0.1000,0.0000,0.0000,
SOUTH WASHINGTON COUNTY,NEW LIFE ACADEMY,30,0.9000,0.0000,0.0667,0.0333,
SPRINGFIELD,ST RAPHAEL,10,0.9000,0.0000,0.1000,0.0000,
ST. PAUL,HILL MONTESSORI,90,0.9000,0.0556,0.0444,0.0000,
ST. PAUL,ST. PASCAL BAYLON,10,0.9000,0.1000,0.0000,0.0000,
STILLWATER,ST CROIX CATHOLIC,30,0.9000,0.0000,0.1000,0.0000,
ST. CLOUD,MADISON EL.,121,0.9008,0.0826,0.0165,0.0000,
OSSEO,CEDAR ISLAND EL.,71,0.9014,0.0000,0.0986,0.0000,
BLACKDUCK,BLACKDUCK PUBLIC SCHOOL,51,0.9020,0.0000,0.0980,0.0000,
ST. PAUL,GALTIER,51,0.9020,0.0784,0.0196,0.0000,
ROCKFORD,ROCKFORD EL.,133,0.9023,0.0226,0.0752,0.0000,
MINNEAPOLIS,GREEN CENTRAL PARK,41,0.9024,0.0976,0.0000,0.0000,
ST. PAUL,ST. PAUL ACADEMY - SUMMIT (LOWER),41,0.9024,0.0488,0.0244,0.0244,
HOPKINS,GOOD SHEPHERD CATHOLIC SCHOOL,31,0.9032,0.0000,0.0968,0.0000,
ST. PAUL,WELLSTONE,93,0.9032,0.0968,0.0000,0.0000,
ANOKA-HENNEPIN,EPIPHANY EDUC CENTER,42,0.9048,0.0000,0.0952,0.0000,
LEROY,LEROY - OSTRANDER PUBLIC SCHOOLS,21,0.9048,0.0000,0.0952,0.0000,
NEW YORK MILLS,NEW YORK MILLS PUBLIC SCHOOLS,63,0.9048,0.0317,0.0635,0.0000,
ROCHESTER,HOLY SPIRIT,21,0.9048,0.0000,0.0952,0.0000,
SEBEKA,SEBEKA EL.,42,0.9048,0.0000,0.0952,0.0000,
ST. MICHAEL-ALBERTVILLE,ST MICHAEL CATHOLIC SCHOOL,42,0.9048,0.0000,0.0952,0.0000,
ST. PAUL,SUNNY HOLLOW MONTESSORI,21,0.9048,0.0476,0.0476,0.0000,
STILLWATER,LAKE ELMO EL.,105,0.9048,0.0381,0.0571,0.0000,
ACADEMIA CESAR CHAVEZ CHARTER SCH,ACADEMIA CESAR CHAVEZ CHARTER SCH,53,0.9057,0.0943,0.0000,0.0000,
EVELETH-GILBERT,FRANKLIN EL.,53,0.9057,0.0000,0.0943,0.0000,
MESABI EAST,MESABI EAST EL.,64,0.9063,0.0469,0.0313,0.0156,
BAGLEY,BAGLEY EL.,75,0.9067,0.0667,0.0267,0.0000,
BUFFALO,HANOVER EL.,75,0.9067,0.0000,0.0933,0.0000,
MINNEAPOLIS,WEBSTER,75,0.9067,0.0533,0.0400,0.0000,
KIMBALL,KIMBALL EL.,43,0.9070,0.0000,0.0000,0.0930,
MINNEAPOLIS,HOPE ACADEMY,43,0.9070,0.0930,0.0000,0.0000,
PAYNESVILLE,PAYNESVILLE EL.,43,0.9070,0.0465,0.0465,0.0000,
BURNSVILLE,EDWARD NEILL EL.,65,0.9077,0.0154,0.0769,0.0000,
WEST ST. PAUL-MENDOTA HTS.-EAGAN,MORELAND EL.,76,0.9079,0.0263,0.0132,0.0526,
COLLEGE PREP ELEMENTARY,COLLEGE PREP ELEMENTARY,44,0.9091,0.0909,0.0000,0.0000,
GOODHUE,ST JOHNS LUTHERAN-GOODHUE,11,0.9091,0.0909,0.0000,0.0000,
LITCHFIELD,ST PHILIP,11,0.9091,0.0000,0.0909,0.0000,
MANKATO,IMMANUEL LUTHERAN,11,0.9091,0.0909,0.0000,0.0000,
NERSTRAND CHARTER SCHOOL,NERSTRAND CHARTER SCHOOL,22,0.9091,0.0455,0.0455,0.0000,
OSSEO,PIONEERS ACADEMY,11,0.9091,0.0000,0.0909,0.0000,
OWATONNA,OWATONNA CHRISTIAN,11,0.9091,0.0000,0.0000,0.0909,
RED LAKE FALLS,J.A. HUGHES EL.,33,0.9091,0.0303,0.0303,0.0303,
ROCORI,RICHMOND EL.,22,0.9091,0.0455,0.0455,0.0000,
ROSEVILLE,ST JEROME,11,0.9091,0.0000,0.0909,0.0000,
SLEEPY EYE,ST MARYS ELEMENTARY,22,0.9091,0.0000,0.0909,0.0000,
ST. CLOUD,LINCOLN EL.,66,0.9091,0.0909,0.0000,0.0000,
ST. PAUL,ST. PETER CLAVER CATHOLIC,11,0.9091,0.0909,0.0000,0.0000,
WACONIA,SOUTHVIEW EL.,111,0.9099,0.0000,0.0901,0.0000,
LAKEVILLE,LAKEVIEW EL.,89,0.9101,0.0000,0.0562,0.0337,
ANOKA-HENNEPIN,CROOKED LAKE EL.,78,0.9103,0.0513,0.0385,0.0000,
ST. CLOUD,KENNEDY EL.,78,0.9103,0.0256,0.0385,0.0256,
DASSEL-COKATO,DASSEL EL.,67,0.9104,0.0000,0.0896,0.0000,
HOPKINS,ALICE SMITH EL.,67,0.9104,0.0000,0.0896,0.0000,
BURNSVILLE,RAHN EL.,45,0.9111,0.0222,0.0667,0.0000,
ROUND LAKE-BREWSTER PUBLIC SCHOOLS,ROUND LAKE-BREWSTER PUBLIC SCHOOLS,45,0.9111,0.0889,0.0000,0.0000,
TRACY AREA PUBLIC SCHOOLS,TRACY EL.,45,0.9111,0.0889,0.0000,0.0000,
DOVER-EYOTA,DOVER-EYOTA EL.,79,0.9114,0.0633,0.0253,0.0000,
MOORHEAD,PARK CHRISTIAN,34,0.9118,0.0000,0.0882,0.0000,
ST. PAUL,RIVERVIEW,68,0.9118,0.0882,0.0000,0.0000,
ROSEVILLE,BRIMHALL EL.,103,0.9126,0.0388,0.0485,0.0000,
BLUFFVIEW MONTESSORI,BLUFFVIEW MONTESSORI,23,0.9130,0.0435,0.0435,0.0000,
BUFFALO,ST FRANCIS XAVIER,23,0.9130,0.0000,0.0870,0.0000,
COOK COUNTY,SAWTOOTH MOUNTAIN ELEMENTARY,23,0.9130,0.0870,0.0000,0.0000,
LONG PRAIRIE-GREY EAGLE,ST MARY OF MT CARMEL,23,0.9130,0.0000,0.0870,0.0000,
WALKER-HACKENSACK-AKELEY,W.H.A. EL.,69,0.9130,0.0145,0.0725,0.0000,
MINNETONKA,DEEPHAVEN EL.,104,0.9135,0.0288,0.0577,0.0000,
ROSEMOUNT-APPLE VALLEY-EAGAN,SOUTHVIEW EL.,104,0.9135,0.0481,0.0385,0.0000,
FOREST LAKE,WYOMING EL.,81,0.9136,0.0000,0.0864,0.0000,
ALBERT LEA,HAWTHORNE EL.,70,0.9143,0.0714,0.0143,0.0000,
BENSON,NORTHSIDE EL.,70,0.9143,0.0571,0.0286,0.0000,
MOORHEAD,ST JOSEPH,35,0.9143,0.0000,0.0857,0.0000,
MOORHEAD,S. G. REINERTSEN ELEMENTARY,129,0.9147,0.0620,0.0233,0.0000,
MINNEAPOLIS,JEFFERSON EL.,47,0.9149,0.0851,0.0000,0.0000,
BLOOMINGTON,VALLEY VIEW ELEMENTARY,71,0.9155,0.0423,0.0423,0.0000,
ST. PAUL,ST. ANTHONY PARK,95,0.9158,0.0526,0.0316,0.0000,
DULUTH,HOLY ROSARY,36,0.9167,0.0278,0.0000,0.0556,
DULUTH,LAKEVIEW CHRISTIAN ACADEMY,12,0.9167,0.0000,0.0833,0.0000,
EAST GRAND FORKS,RIVERSIDE CHRISTIAN SCHOOL,12,0.9167,0.0000,0.0833,0.0000,
FRASER ACADEMY,SPERO ACADEMY,12,0.9167,0.0000,0.0833,0.0000,
LAKE SUPERIOR,MINNEHAHA INTERMEDIATE EL.,60,0.9167,0.0167,0.0500,0.0167,
MAPLE LAKE,MAPLE LAKE EL.,48,0.9167,0.0625,0.0208,0.0000,
MOUNDS VIEW,OAK HILL MONTESSORI,12,0.9167,0.0833,0.0000,0.0000,
OSAKIS,OSAKIS SEC.,48,0.9167,0.0000,0.0833,0.0000,
PRAIRIE SEEDS ACADEMY,PRAIRIE SEEDS ACADEMY,60,0.9167,0.0833,0.0000,0.0000,
ROCORI,SAINTS PETER & PAUL,12,0.9167,0.0833,0.0000,0.0000,
ST. CLOUD,ST MARY HELP OF CHRISTIANS,12,0.9167,0.0000,0.0833,0.0000,
TECHNICAL ACADEMIES OF MINNESOTA,TEAM ACADEMY,12,0.9167,0.0833,0.0000,0.0000,
TWIN CITIES GERMAN IMMERSION CHRTR,TWIN CITIES GERMAN IMMERSION CHRTR,72,0.9167,0.0694,0.0139,0.0000,
WESTONKA,OUR LADY OF THE LAKE,12,0.9167,0.0000,0.0833,0.0000,
ANOKA-HENNEPIN,EVERGREEN PARK EL.,73,0.9178,0.0822,0.0000,0.0000,
LONG PRAIRIE-GREY EAGLE,LONG PRAIRIE EL.,73,0.9178,0.0274,0.0548,0.0000,
SOUTH WASHINGTON COUNTY,NUEVAS FRONTERAS SPANISH IMMERSION,73,0.9178,0.0000,0.0685,0.0137,
MINNETONKA,SCENIC HEIGHTS EL.,122,0.9180,0.0328,0.0328,0.0164,
ST. PAUL,ADAMS,110,0.9182,0.0364,0.0455,0.0000,
EAST CENTRAL,EAST CENTRAL EL.,37,0.9189,0.0811,0.0000,0.0000,
HIAWATHA LEADERSHIP ACADEMY,HIAWATHA LEADERSHIP ACADEMY-NORTHROP,74,0.9189,0.0811,0.0000,0.0000,
HOLDINGFORD,HOLDINGFORD EL.,74,0.9189,0.0135,0.0676,0.0000,
MANKATO,KENNEDY EL.,62,0.9194,0.0161,0.0645,0.0000,
OWATONNA,MCKINLEY EL.,87,0.9195,0.0230,0.0575,0.0000,
PEQUOT LAKES,PEQUOT LAKES EL.,112,0.9196,0.0357,0.0446,0.0000,
DAVINCI ACADEMY,DAVINCI ACADEMY,100,0.9200,0.0200,0.0500,0.0100,
FERTILE-BELTRAMI,FERTILE-BELTRAMI EL.,25,0.9200,0.0400,0.0400,0.0000,
FRAZEE-VERGAS,FRAZEE EL.,50,0.9200,0.0000,0.0800,0.0000,
ST. PAUL,HORACE MANN,75,0.9200,0.0800,0.0000,0.0000,
TRI-CITY UNITED SCHOOL DISTRICT,LECENTER K-8,50,0.9200,0.0400,0.0200,0.0200,
CARLTON,SOUTH TERRACE EL.,38,0.9211,0.0000,0.0526,0.0263,
ST. LOUIS COUNTY,CHERRY EL.,38,0.9211,0.0000,0.0789,0.0000,
STILLWATER,RUTHERFORD EL.,76,0.9211,0.0263,0.0526,0.0000,
PRIOR LAKE-SAVAGE AREA SCHOOLS,REDTAIL RIDGE ELEMENATARY,127,0.9213,0.0157,0.0630,0.0000,
VIRGINIA,PARKVIEW EL,128,0.9219,0.0313,0.0469,0.0000,
ELK RIVER,OTSEGO EL.,90,0.9222,0.0000,0.0778,0.0000,
FARMINGTON,FARMINGTON EL.,90,0.9222,0.0333,0.0444,0.0000,
CAMBRIDGE-ISANTI,CAMBRIDGE PRIMARY SCHOOL,168,0.9226,0.0357,0.0417,0.0000,
HIBBING,ASSUMPTION,13,0.9231,0.0000,0.0769,0.0000,
LAKEVILLE,OAK HILLS ELEMENTARY,91,0.9231,0.0110,0.0659,0.0000,
MARSHALL,TRUE LIGHT CHRISTIAN SCHOOL,13,0.9231,0.0000,0.0769,0.0000,
MINNEAPOLIS,OUR LADY OF PEACE,13,0.9231,0.0769,0.0000,0.0000,
MINNEAPOLIS,ST. HELENA,13,0.9231,0.0769,0.0000,0.0000,
MOORHEAD,DOROTHY DODDS ELEMENTARY SCHOOL,143,0.9231,0.0699,0.0070,0.0000,
ROSEVILLE,KING OF KINGS LUTHERAN,13,0.9231,0.0769,0.0000,0.0000,
ST. CLOUD,ALL SAINTS ACADEMY - ST CLOUD CAMPUS,26,0.9231,0.0769,0.0000,0.0000,
ST. PAUL,RANDOLPH HEIGHTS,78,0.9231,0.0128,0.0641,0.0000,
STAPLES-MOTLEY,SACRED HEART,13,0.9231,0.0769,0.0000,0.0000,
WILLOW RIVER,WILLOW RIVER EL.,26,0.9231,0.0769,0.0000,0.0000,
WINONA AREA PUBLIC SCHOOLS,ROLLINGSTONE COMMUNITY EL.,13,0.9231,0.0769,0.0000,0.0000,
MINNEAPOLIS,BANCROFT EL.,92,0.9239,0.0652,0.0109,0.0000,
BRAINERD,LOWELL EL.,66,0.9242,0.0303,0.0455,0.0000,
GLOBAL ACADEMY,GLOBAL ACADEMY,53,0.9245,0.0755,0.0000,0.0000,
EDINA,COUNTRYSIDE EL.,80,0.9250,0.0125,0.0500,0.0125,
PIERZ,PIONEER EL.,67,0.9254,0.0299,0.0448,0.0000,
Statewide,Statewide,"67,372",0.9254,0.0406,0.0325,0.0016,
ELK RIVER,ZIMMERMAN EL.,188,0.9255,0.0053,0.0691,0.0000,
FERGUS FALLS,MCKINLEY EL.,202,0.9257,0.0149,0.0594,0.0000,
AUSTIN,PACELLI CATHOLIC  SCHOOLS,27,0.9259,0.0370,0.0370,0.0000,
SAUK CENTRE,SAUK CENTRE EL.,81,0.9259,0.0247,0.0494,0.0000,
SPRING LAKE PARK,WOODCREST EL.,108,0.9259,0.0000,0.0370,0.0370,
CROSBY-IRONTON,CUYUNA RANGE EL.,68,0.9265,0.0000,0.0735,0.0000,
DELANO,DELANO EL.,150,0.9267,0.0200,0.0533,0.0000,
DULUTH,LOWELL EL.,96,0.9271,0.0729,0.0000,0.0000,
NOBLE ACADEMY,NOBLE ACADEMY,110,0.9273,0.0727,0.0000,0.0000,
SOUTH WASHINGTON COUNTY,CRESTVIEW EL.,55,0.9273,0.0364,0.0364,0.0000,
GRAND RAPIDS,COHASSET EL.,69,0.9275,0.0290,0.0435,0.0000,
PRIOR LAKE-SAVAGE AREA SCHOOLS,FIVE HAWKS EL.,97,0.9278,0.0412,0.0206,0.0103,
CHISAGO LAKES,TAYLORS FALLS EL.,56,0.9286,0.0000,0.0714,0.0000,
EDEN PRAIRIE,FOREST HILLS EL.,98,0.9286,0.0000,0.0612,0.0102,
GLENCOE-SILVER LAKE,LINCOLN EL.,98,0.9286,0.0204,0.0510,0.0000,
HASTINGS,ST JOHN THE BAPTIST-VERMILLION,14,0.9286,0.0000,0.0714,0.0000,
HENDRICKS,HENDRICKS PUBLIC SCHOOL,14,0.9286,0.0714,0.0000,0.0000,
HOUSTON,HOUSTON EL.,28,0.9286,0.0714,0.0000,0.0000,
MOOSE LAKE,MOOSE LAKE EL.,56,0.9286,0.0536,0.0179,0.0000,
ROCHESTER,ROCHESTER ARTS AND SCIENCE ACADEMY,14,0.9286,0.0714,0.0000,0.0000,
ROSEMOUNT-APPLE VALLEY-EAGAN,PARKVIEW EL.,154,0.9286,0.0455,0.0260,0.0000,
WEST CENTRAL AREA,WEST CENTRAL AREA NORTH ELEMENTARY,28,0.9286,0.0357,0.0357,0.0000,
ELK RIVER,LINCOLN EL.,113,0.9292,0.0000,0.0708,0.0000,
DULUTH,PIEDMONT EL.,99,0.9293,0.0101,0.0606,0.0000,
NORTHFIELD,GREENVALE PARK EL.,85,0.9294,0.0118,0.0588,0.0000,
ST. LOUIS PARK,AQUILA EL.,100,0.9300,0.0500,0.0200,0.0000,
EDINA,CREEK VALLEY EL.,86,0.9302,0.0000,0.0698,0.0000,
FOSSTON,MAGELSSEN EL.,43,0.9302,0.0233,0.0465,0.0000,
LAKE PARK-AUDUBON,LAKE PARK ELEMENTARY,43,0.9302,0.0000,0.0698,0.0000,
MINNEAPOLIS,WHITTIER PARK INTERNATIONAL EL.,86,0.9302,0.0698,0.0000,0.0000,
SEVEN HILLS CLASSICAL ACADEMY,SEVEN HILLS PREPATORY ACADEMY - UPPER,43,0.9302,0.0233,0.0465,0.0000,
BELLE PLAINE,CHATFIELD ELEMENTARY,144,0.9306,0.0000,0.0625,0.0069,
ANNANDALE,ANNANDALE EL,145,0.9310,0.0000,0.0690,0.0000,
NORTH ST PAUL-MAPLEWOOD,RICHARDSON EL.,87,0.9310,0.0230,0.0460,0.0000,
OSSEO,OAK VIEW EL.,87,0.9310,0.0230,0.0460,0.0000,
RICHFIELD,BLESSED TRINITY-PENN CAMPUS,29,0.9310,0.0345,0.0000,0.0345,
ROSEMOUNT-APPLE VALLEY-EAGAN,NORTHVIEW EL.,87,0.9310,0.0115,0.0575,0.0000,
BECKER,BECKER PRIMARY SCHOOL,204,0.9314,0.0049,0.0637,0.0000,
WEST ST. PAUL-MENDOTA HTS.-EAGAN,MENDOTA EL.,88,0.9318,0.0227,0.0455,0.0000,
OSSEO,FERNBROOK EL.,119,0.9328,0.0000,0.0672,0.0000,
ALEXANDRIA,LINCOLN EL.,75,0.9333,0.0267,0.0400,0.0000,
CHASKA,LA ACADEMIA,75,0.9333,0.0000,0.0667,0.0000,
ELK RIVER,MEADOWVALE EL.,90,0.9333,0.0000,0.0667,0.0000,
ELLSWORTH,ELLSWORTH EL.,15,0.9333,0.0000,0.0667,0.0000,
JORDAN,JORDAN EL.,120,0.9333,0.0000,0.0583,0.0083,
MINNEAPOLIS,POPE JOHN PAUL II,15,0.9333,0.0667,0.0000,0.0000,
MORRIS AREA PUBLIC SCHOOLS,ST. MARY CATHOLIC SCHOOL,15,0.9333,0.0000,0.0667,0.0000,
ROCHESTER,WASHINGTON EL.,60,0.9333,0.0500,0.0167,0.0000,
ST CROIX PREPARATORY ACADEMY,ST CROIX PREPARATORY ACADEMY,90,0.9333,0.0111,0.0556,0.0000,
PRINCETON,PRINCETON PRIMARY SCHOOL  K-2,241,0.9336,0.0290,0.0373,0.0000,
BEMIDJI,LINCOLN EL.,76,0.9342,0.0395,0.0263,0.0000,
SOUTH WASHINGTON COUNTY,NEWPORT EL.,46,0.9348,0.0435,0.0217,0.0000,
WHITE BEAR LAKE,MATOSKA INTERNATIONAL,92,0.9348,0.0000,0.0652,0.0000,
CHASKA,VICTORIA ELEMENTARY SCHOOL,124,0.9355,0.0161,0.0484,0.0000,
MINNEAPOLIS,ASCENSION,31,0.9355,0.0645,0.0000,0.0000,
MINNEAPOLIS,LAKE COUNTRY,31,0.9355,0.0000,0.0645,0.0000,
BEACON ACADEMY,BEACON ACADEMY,78,0.9359,0.0128,0.0513,0.0000,
PINE ISLAND,PINE ISLAND EL.,141,0.9362,0.0071,0.0567,0.0000,
WAYZATA,OAKWOOD EL.,94,0.9362,0.0426,0.0213,0.0000,
SOUTH WASHINGTON COUNTY,COTTAGE GROVE ELEMENTARY,63,0.9365,0.0000,0.0635,0.0000,
SPRING LAKE PARK,PARK TERRACE EL.,142,0.9366,0.0141,0.0493,0.0000,
MINNEAPOLIS,KENNY ELEMENTARY,79,0.9367,0.0633,0.0000,0.0000,
LAKES INTERNATIONAL LANGUAGE ACADEMY,LAKES INTERNATIONAL LANGUAGE ACADEMY,127,0.9370,0.0079,0.0551,0.0000,
BUFFALO,MONTROSE EL.,64,0.9375,0.0313,0.0313,0.0000,
BURNSVILLE,SIOUX TRAIL EL.,48,0.9375,0.0208,0.0417,0.0000,
LESUEUR-HENDERSON,ST ANNES,16,0.9375,0.0000,0.0625,0.0000,
NORTH ST PAUL-MAPLEWOOD,CASTLE EL.,80,0.9375,0.0250,0.0250,0.0125,
ROBBINSDALE,ROBBINSDALE STEAM,64,0.9375,0.0000,0.0625,0.0000,
ST. CLOUD,PRINCE OF PEACE LUTHERAN,16,0.9375,0.0625,0.0000,0.0000,
WIN-E-MAC,WIN-E-MAC SCHOOL,32,0.9375,0.0000,0.0625,0.0000,
DETROIT LAKES,ROOSEVELT EL.,113,0.9381,0.0265,0.0354,0.0000,
WHITE BEAR LAKE,WILLOW LANE EL.,81,0.9383,0.0123,0.0370,0.0123,
BLOOMINGTON,OAK GROVE EL.,65,0.9385,0.0308,0.0308,0.0000,
PRIOR LAKE-SAVAGE AREA SCHOOLS,WESTWOOD EL.,65,0.9385,0.0154,0.0154,0.0308,
ANOKA-HENNEPIN,UNIVERSITY EL.,98,0.9388,0.0102,0.0510,0.0000,
TRI-CITY UNITED SCHOOL DISTRICT,LONSDALE K-4,49,0.9388,0.0000,0.0612,0.0000,
MINNEAPOLIS,LYNDALE EL.,82,0.9390,0.0122,0.0488,0.0000,
EDEN PRAIRIE,EDEN LAKE EL.,115,0.9391,0.0000,0.0435,0.0174,
CAMBRIDGE-ISANTI,SCHOOL FOR ALL SEASONS,33,0.9394,0.0303,0.0303,0.0000,
EDEN PRAIRIE,EAGLE HEIGHTS SPANISH IMMERSION SCHOOL,132,0.9394,0.0000,0.0530,0.0076,
MINNEAPOLIS,HALE EL.,132,0.9394,0.0455,0.0152,0.0000,
MINNESOTA TRANSITIONS CHARTER SCH,BANAADIR ACADEMY K-8,33,0.9394,0.0606,0.0000,0.0000,
LAKE CITY,BLUFF VIEW EL.,83,0.9398,0.0000,0.0602,0.0000,
CANBY,CANBY EL.,50,0.9400,0.0000,0.0600,0.0000,
CHASKA,ST HUBERT CATHOLIC SCHOOL,50,0.9400,0.0000,0.0600,0.0000,
FOREST LAKE,FOREST VIEW EL.,100,0.9400,0.0400,0.0200,0.0000,
ROCHESTER,LINCOLN AT MANN EL.,50,0.9400,0.0000,0.0600,0.0000,
MAHTOMEDI,WILDWOOD EL.,184,0.9402,0.0109,0.0489,0.0000,
LAKEVILLE,EASTVIEW EL.,101,0.9406,0.0000,0.0594,0.0000,
OSSEO,RICE LAKE EL.,118,0.9407,0.0085,0.0508,0.0000,
CENTENNIAL,GOLDEN LAKE EL.,68,0.9412,0.0147,0.0441,0.0000,
FILLMORE CENTRAL,FILLMORE CENTRAL EL.,34,0.9412,0.0294,0.0294,0.0000,
MANKATO,ROOSEVELT EL.,68,0.9412,0.0000,0.0588,0.0000,
MINNEAPOLIS,TRINITY FIRST LUTHERAN,17,0.9412,0.0000,0.0588,0.0000,
OSSEO,ST JOHNS LUTHERAN,17,0.9412,0.0000,0.0588,0.0000,
SOUTH WASHINGTON COUNTY,VALLEY CROSSING ELEMENTARY,102,0.9412,0.0000,0.0490,0.0098,
WHITE BEAR LAKE,FIRST LUTHERAN MAGNESON SCHOOL,17,0.9412,0.0000,0.0588,0.0000,
DETROIT LAKES,ROSSMAN EL.,103,0.9417,0.0194,0.0388,0.0000,
BLOOMINGTON,POPLAR BRIDGE EL.,86,0.9419,0.0116,0.0465,0.0000,
MINNETONKA,CLEAR SPRINGS ELEMENTARY,172,0.9419,0.0233,0.0233,0.0116,
ST. PAUL,VENTO,86,0.9419,0.0465,0.0116,0.0000,
BARNUM,BARNUM EL.,52,0.9423,0.0192,0.0385,0.0000,
NORTH ST PAUL-MAPLEWOOD,SKYVIEW COMMUNITY EL.,87,0.9425,0.0000,0.0460,0.0115,
OSSEO,ZANEWOOD COMMUNITY SCHOOL,70,0.9429,0.0571,0.0000,0.0000,
ST. ANTHONY-NEW BRIGHTON,ST CHARLES BORROMEO,35,0.9429,0.0571,0.0000,0.0000,
WATERVILLE-ELYSIAN-MORRISTOWN,WATERVILLE EL.,53,0.9434,0.0189,0.0377,0.0000,
EDEN PRAIRIE,OAK POINT EL.,89,0.9438,0.0225,0.0000,0.0337,
ADRIAN,ADRIAN ELEMENTARY,36,0.9444,0.0278,0.0278,0.0000,
ALBERT LEA,HALVERSON EL.,54,0.9444,0.0556,0.0000,0.0000,
BLOOMINGTON,WESTWOOD EL.,72,0.9444,0.0000,0.0556,0.0000,
ELK RIVER,ST ANDREWS CATHOLIC SCHOOL,18,0.9444,0.0000,0.0556,0.0000,
MELROSE,ST MARY,18,0.9444,0.0556,0.0000,0.0000,
PRIOR LAKE-SAVAGE AREA SCHOOLS,ST MICHAELS CATHOLIC,18,0.9444,0.0000,0.0556,0.0000,
REDWOOD FALLS AREA SCHOOLS,ST JOHN LUTHERAN,18,0.9444,0.0000,0.0556,0.0000,
ROSEMOUNT-APPLE VALLEY-EAGAN,ECHO PARK EL.,127,0.9449,0.0157,0.0394,0.0000,
DULUTH PUBLIC SCHOOLS ACADEMY,NORTH STAR,91,0.9451,0.0440,0.0110,0.0000,
WACONIA,BAYVIEW ELEMENTARY,91,0.9451,0.0000,0.0549,0.0000,
